2 0.11015625 0.5515625 0.08359375 0.121875
2 0.1625 0.37578125 0.07890625 0.1296875
2 0.20234375 0.86875 0.09140625 0.11640625
2 0.184375 0.94921875 0.08359375 0.0890625
2 0.43359375 0.55546875 0.0875 0.1109375
2 0.60859375 0.64921875 0.09375 0.1109375
2 0.39140625 0.91875 0.084375 0.16171875
2 0.55390625 0.95390625 0.10390625 0.0921875
2 0.465625 0.1921875 0.1 0.11484375
2 0.6609375 0.39453125 0.10703125 0.19609375
2 0.79140625 0.2421875 0.08359375 0.15546875
2 0.859375 0.59765625 0.11328125 0.1796875
2 0.79296875 0.87578125 0.0765625 0.18125